tsvm
1
2
4
7
9
10
12
13
15
17
18
21
22
24
25
28
29
37
38
39
40
41
42
43
44
46
47
48
49
51
56
57
58
59
60
61
62
63
64
65
66
67
69
70
71
73
74
75
76
77
78
79
81
82
84
85
86
87
89
90
91
93
94
95
96
98
99
103
104
109
111
112
114
116
117
118
119
120
121
122
123
124
125
129
130
132
134
139
141
142
146
148
150
153
155
156
157
158
160
162
163
164
166
167
168
171
174
175
178
179
183
186
190
192
193
195
196
197
199
200
201
202
204
205
206
207
208
209
210
211
212
213
214
215
217
218
220
221
222
223
224
226
228
232
234
236
238
239
240
242
244
245
247
249
250
251
252
253
254
255
259
262
263
265
266
267
268
269
270
271
272
273
274
275
276
280
282
284
287
294
296
297
298
301
302
303
304
306
308
309
311
312
313
316
319
320
321
324
325
326
328
332
334
335
336
338
349
350
352
354
358
359
360
361
365
368
370
371
372
373
376
377
378
380
382
384
386
388
389
390
391
392
393
394
396
397
398
399
400